 8
 3.00e11
-0.900e11  0.000e00 0.000e00 -2.000e04 1.989e30  231 111 247
 0.900e11  0.000e00 0.000e00  2.000e04 1.989e30  231 111 247
-1.300e11  0.000e00 0.000e00 -8.000e04 5.974e23255 136 0
 1.300e11  0.000e00 0.000e00  8.000e04 5.974e23255 136 0
 0.000e00 -1.900e11 0.000e00 -2.000e04 1.989e29  231 111 247
 0.000e00  1.900e11 0.000e00  2.000e04 1.989e29  231 111 247
 0.000e00 -0.300e11 0.000e00 -8.000e04 5.974e27255 136 0
 0.000e00  0.300e11 0.000e00  8.000e04 5.974e27255 136 0

Creator of universe: John Son, COS 126, Spring 2004
