17
2.50e11
  0.0        0.0        0.0       0.0     1.989e30         231 111 247
  0.0       16.0e10     2.0e4    -2.0e4   5.974e24       255 0 0
-16.0e10     0.0        2.0e4     2.0e4   5.974e24       255 0 0
  0.0      -16.0e10    -2.0e4     2.0e4   5.974e24       255 0 0
 16.0e10     0.0       -2.0e4    -2.0e4   5.974e24       255 0 0
  6.0e10     6.0e10    -5.0e3     5.0e4   5.974e27         10 201 154
 -6.0e10     6.0e10    -5.0e4    -5.0e3   5.974e27         10 201 154
 -6.0e10    -6.0e10     5.0e3    -5.0e4   5.974e27         10 201 154
  6.0e10    -6.0e10     5.0e4     5.0e3   5.974e27         10 201 154
 18.0e10    18.0e10    -1.0e4     1.0e2   6.419e23       255 0 0
-18.0e10    18.0e10     1.0e2    -1.0e4   6.419e23       255 0 0
-18.0e10   -18.0e10     1.0e4     1.0e2   6.419e23       255 0 0
 18.0e10   -18.0e10    -1.0e2     1.0e4   6.419e23       255 0 0
  0.0       23.0e10     1.0e4    -1.0e4   5.974e23       255 0 0
-23.0e10     0.0        1.0e4     1.0e4   5.974e23       255 0 0
  0.0      -23.0e10    -1.0e4     1.0e4   5.974e23       255 0 0
 23.0e10     0.0       -1.0e4    -1.0e4   5.974e23       255 0 0
